19.75
19.83
19.84
19.85
19.84
19.86
19.84
19.84
19.84
19.83
19.85
19.85
19.84
19.85
19.86
19.85
19.86
19.85
19.85
19.84
19.84
19.86
19.86
19.85
19.87
19.87
19.86
19.87
19.86
19.86
19.87
19.87
19.87
19.87
19.86
19.87
19.87
19.87
19.87
19.86
19.87
19.87
19.87
19.87
19.87
19.87
19.87
19.88
19.87
19.87
19.87
19.88
19.89
19.88
19.88
19.88
19.88
19.88
19.89
19.88
19.89
19.88
19.88
19.90
19.90
19.89
19.88
19.89
19.89
19.89
19.89
19.90
19.90
16.38
16.31
16.53
15.68
14.11
15.88
16.34
16.32
17.41
17.24
17.48
2025-01-08 00:02:31, 8.43
2025-01-08 00:02:36, 8.43
2025-01-08 00:02:41, 8.42
2025-01-08 00:02:46, 8.42
2025-01-08 00:02:51, 8.44
2025-01-08 00:02:56, 8.43
2025-01-08 00:03:01, 8.44
2025-01-08 00:03:06, 8.42
2025-01-08 00:03:11, 8.43
2025-01-08 00:03:16, 8.43
2025-01-08 00:03:21, 8.43
2025-01-08 00:03:26, 8.42
2025-01-08 00:03:31, 8.44
2025-01-08 00:03:36, 8.44
2025-01-08 00:03:41, 8.43
2025-01-08 00:03:46, 8.42
2025-01-08 00:03:51, 8.43
2025-01-08 00:03:56, 8.42
2025-01-08 00:04:01, 8.43
2025-01-08 00:04:06, 8.42
2025-01-08 00:04:11, 8.43
2025-01-08 00:04:17, 8.42
2025-01-08 00:04:22, 8.43
2025-01-08 00:04:27, 8.44
2025-01-08 00:04:32, 8.44
2025-01-08 00:04:37, 8.43
2025-01-08 00:04:42, 8.44
2025-01-08 00:04:47, 8.44
2025-01-08 00:04:52, 8.43
2025-01-08 00:04:57, 8.44
2025-01-08 00:05:02, 8.43
2025-01-08 00:05:07, 8.42
2025-01-08 00:05:12, 8.44
2025-01-08 00:05:17, 8.44
2025-01-08 00:05:22, 8.43
2025-01-08 00:05:27, 8.44
2025-01-08 00:05:32, 8.43
2025-01-08 00:05:37, 8.43
2025-01-08 00:05:42, 8.43
2025-01-08 00:05:47, 8.43
2025-01-08 00:05:52, 8.42
2025-01-08 00:06:07, 8.40
2025-01-08 00:06:12, 8.39
2025-01-08 00:06:17, 8.40
2025-01-08 00:06:22, 8.39
2025-01-08 00:06:27, 8.39
2025-01-08 00:06:32, 8.40
2025-01-08 00:07:12, 8.41
2025-01-08 00:07:17, 8.41
2025-01-08 00:07:22, 8.41
2025-01-08 00:07:27, 8.42
2025-01-08 00:07:32, 8.41
2025-01-08 00:07:37, 8.43
2025-01-08 00:07:42, 8.42
2025-01-08 00:07:47, 8.43
2025-01-08 00:07:52, 8.43
2025-01-08 00:07:57, 8.43
2025-01-08 00:08:02, 8.43
2025-01-08 00:08:07, 8.42
2025-01-08 00:08:12, 8.41
2025-01-08 00:08:17, 8.42
2025-01-08 00:08:22, 8.44
2025-01-08 00:08:27, 8.43
2025-01-08 00:09:04, 8.44
2025-01-08 00:09:09, 8.43
2025-01-08 00:09:14, 8.43
2025-01-08 00:09:19, 8.44
2025-01-08 00:09:24, 8.45
2025-01-08 00:09:29, 8.44
2025-01-08 00:09:34, 8.44
2025-01-08 00:09:39, 8.43
2025-01-08 00:09:44, 8.44
2025-01-08 00:09:49, 8.44
2025-01-08 00:09:54, 8.43
2025-01-08 00:09:59, 8.44
2025-01-08 00:10:04, 8.44
2025-01-08 00:10:09, 8.44
2025-01-08 00:10:14, 8.46
2025-01-08 00:10:19, 8.44
2025-01-08 00:10:24, 8.44
2025-01-08 00:10:29, 8.44
2025-01-08 00:10:34, 8.44
2025-01-08 00:10:39, 8.44
2025-01-08 00:10:44, 8.44
2025-01-08 00:10:49, 8.44
2025-01-08 00:10:54, 8.44
2025-01-08 00:10:59, 8.44
8.41
8.42
8.41
8.41
8.41
8.42
8.42
8.43
8.42
8.42
8.43
8.42
8.42
8.43
8.43
8.42
8.42
8.42
8.44
8.43
8.44
8.43
8.43
8.43
8.42
8.41
8.43
8.42
8.43
8.44
8.43
8.42
8.43
8.43
8.42
8.43
8.44
8.42
8.43
8.43
8.43
8.42
8.43
8.43
8.42
8.43
8.42
8.43
8.42
8.43
8.41
8.44
8.43
8.42
8.43
8.43
8.43
8.44
8.44
8.42
8.42
8.43
8.34
8.36
8.35
8.36
8.35
8.36
8.36
8.36
8.36
8.35
8.35
8.36
8.36
8.37
8.35
8.37
8.36
8.35
8.36
8.35
8.37
8.37
8.35
8.34
8.36
8.36
8.36
8.37
8.37
8.36
8.37
8.36
8.36
8.36
8.34
8.35
8.38
8.35
8.34
8.35
8.35
8.36
8.35
8.36
8.34
8.35
8.36
8.35
8.35
8.36
8.36
8.37
8.35
8.36
8.35
8.37
8.35
8.37
8.37
8.33
8.35
8.35
8.43
8.40
8.42
8.41
8.40
8.41
8.40
8.41
8.41
8.41
8.41
8.41
8.41
8.40
8.42
8.40
8.41
8.41
8.40
8.42
8.41
8.40
8.41
8.41
8.40
8.40
8.41
8.40
8.40
8.40
8.41
8.41
8.42
8.41
8.42
8.42
8.41
8.42
8.41
8.42
8.40
8.42
8.41
8.40
8.42
8.41
8.42
8.40
8.41
8.41
8.40
8.41
8.41
8.40
8.42
8.41
8.41
8.42
8.41
8.42
8.41
8.42
8.42
8.41
8.41
8.43
8.41
8.41
8.41
8.42
8.41
8.42
8.41
8.42
8.41
8.42
8.41
8.40
8.41
8.40
8.40
8.41
8.41
8.41
8.41
8.42
8.41
8.41
8.41
8.40
8.41
8.42
8.41
8.42
8.40
8.41
8.41
8.40
8.41
8.41
8.40
8.41
8.41
8.42
8.41
8.39
8.40
8.41
8.42
8.41
8.40
8.41
8.40
8.41
8.42
8.41
8.40
8.42
8.40
8.42
8.41
8.41
8.40
8.41
8.44
8.43
8.43
8.42
8.43
8.41
8.43
8.42
8.42
8.41
8.42
8.41
8.42
8.40
8.42
8.42
8.41
8.42
8.43
8.42
8.43
8.41
8.40
8.41
8.42
8.42
8.42
8.42
8.44
8.42
8.41
8.40
8.41
8.42
8.43
8.42
8.42
8.42
8.42
8.42
8.42
8.42
8.43
8.42
8.42
8.41
8.42
8.41
8.42
8.41
8.42
8.43
8.44
8.44
8.41
8.42
8.41
8.42
8.40
8.42
8.42
8.43
8.43
8.41
8.43
8.42
8.42
8.43
8.42
8.41
8.43
8.42
8.43
8.43
8.43
8.41
8.42
8.42
8.42
8.41
8.42
8.41
8.43
8.43
8.44
8.42
8.43
8.44
8.43
8.43
8.41
8.42
8.42
8.42
8.42
8.43
8.43
8.43
8.39
8.42
8.44
8.43
8.43
8.43
8.43
8.43
8.43
8.42
8.41
8.43
8.43
8.43
8.42
8.43
8.42
8.42
8.43
8.42
8.43
8.42
8.43
8.41
8.42
8.42
8.42
8.47
8.44
8.44
8.44
8.44
8.44
8.44
8.44
8.45
8.44
8.44
8.44
8.44
8.44
8.44
8.44
8.45
8.43
8.44
8.45
8.43
8.44
8.44
8.43
8.45
8.45
8.44
8.44
8.44
8.43
8.43
8.44
8.44
8.44
8.42
8.43
8.45
8.45
8.42
8.44
8.44
8.44
8.45
8.43
8.44
8.44
8.44
8.44
8.45
8.43
8.44
8.44
8.46
8.44
8.44
8.43
8.44
8.43
8.44
8.44
8.44
8.45
8.44
8.44
8.43
8.44
8.43
8.44
8.45
8.43
8.44
8.43
8.45
8.43
8.44
8.43
8.44
8.44
8.43
8.44
8.43
8.44
8.43
8.44
8.44
8.45
8.44
8.44
8.44
8.45
8.44
8.44
8.44
8.44
8.44
8.43
8.44
8.44
8.43
8.44
8.45
8.44
8.43
8.43
8.44
8.44
8.42
8.44
8.44
8.44
8.43
8.44
8.43
8.42
8.42
8.44
8.42
8.43
8.43
8.42
8.43
8.44
8.43
8.44
8.43
8.44
8.44
8.44
8.45
8.44
8.43
8.45
8.44
8.44
8.44
8.44
8.44
8.44
8.44
8.45
8.44
8.44
8.44
8.43
8.44
8.42
8.44
8.43
8.44
8.43
8.44
8.43
8.44
8.44
8.44
8.44
8.44
8.44
8.43
8.44
8.44
8.44
8.44
8.44
8.44
8.44
8.43
8.44
8.43
8.44
8.44
8.43
8.44
8.42
8.42
8.44
8.43
8.42
8.44
8.44
8.43
8.44
8.42
8.43
8.44
8.42
8.43
8.43
8.43
8.44
8.43
8.44
8.43
8.43
8.43
8.42
8.43
8.43
8.42
8.42
8.44
8.44
8.44
8.43
8.43
8.44
8.44
8.44
8.45
8.43
8.44
8.44
8.44
8.45
8.44
8.43
8.43
8.44
8.42
8.43
8.43
8.44
8.44
8.43
8.44
8.44
8.44
8.43
8.45
8.44
8.43
8.44
8.44
8.44
8.45
8.44
8.43
8.44
8.44
8.44
8.44
8.44
8.44
8.44
8.44
8.44
8.44
8.44
8.42
8.43
8.44
8.44
8.43
8.45
8.44
8.44
8.43
8.44
8.44
8.43
8.44
8.44
8.43
8.43
8.44
8.44
8.44
8.43
8.42
8.44
8.43
8.43
8.44
8.44
8.44
8.44
8.43
8.44
8.44
8.44
8.44
8.45
8.44
8.44
8.44
8.44
8.44
8.42
8.45
8.44
8.43
8.44
8.44
8.43
8.44
8.44
8.44
8.44
8.42
8.44
8.44
8.44
8.44
7.45
7.45
7.48
7.47
7.49
7.46
7.46
7.47
7.45
7.49
7.49
7.47
7.48
7.48
7.48
