29.00, 84.20
28.94, 84.09
28.94, 84.09
28.94, 84.09
28.94, 84.09
28.94, 84.09
28.94, 84.09
28.94, 84.09
28.94, 84.09
29.00, 84.20
29.00, 84.20
29.00, 84.20
29.00, 84.20
28.94, 84.09
29.00, 84.20
28.94, 84.09
28.94, 84.09
28.94, 84.09
28.87, 83.97
28.94, 84.09
28.94, 84.09
28.94, 84.09
28.94, 84.09
28.94, 84.09
28.94, 84.09
28.94, 84.09
28.94, 84.09
29.00, 84.20
28.94, 84.09
28.94, 84.09
28.94, 84.09
28.94, 84.09
28.94, 84.09
28.94, 84.09
28.94, 84.09
28.94, 84.09
28.94, 84.09
28.94, 84.09
28.94, 84.09
28.94, 84.09
28.94, 84.09
28.94, 84.09
28.94, 84.09
28.94, 84.09
28.94, 84.09
28.94, 84.09
28.94, 84.09
28.94, 84.09
28.94, 84.09
28.94, 84.09
28.87, 83.97
28.87, 83.97
28.94, 84.09
28.87, 83.97
28.94, 84.09
28.87, 83.97
28.94, 84.09
28.94, 84.09
28.94, 84.09
28.94, 84.09
28.94, 84.09
28.87, 83.97
28.94, 84.09
28.94, 84.09
28.94, 84.09
28.94, 84.09
28.94, 84.09
28.94, 84.09
28.94, 84.09
28.94, 84.09
28.94, 84.09
28.94, 84.09
28.94, 84.09
28.50, 83.30
28.50, 83.30
28.50, 83.30
28.50, 83.30
28.56, 83.41
28.50, 83.30
28.56, 83.41
28.50, 83.30
28.56, 83.41
28.50, 83.30
28.56, 83.41
2025-01-08 00:02:31, 28.56, 83.41
2025-01-08 00:02:36, 28.56, 83.41
2025-01-08 00:02:41, 28.62, 83.52
2025-01-08 00:02:46, 28.56, 83.41
2025-01-08 00:02:51, 28.62, 83.52
2025-01-08 00:02:56, 28.62, 83.52
2025-01-08 00:03:01, 28.56, 83.41
2025-01-08 00:03:06, 28.62, 83.52
2025-01-08 00:03:11, 28.62, 83.52
2025-01-08 00:03:16, 28.62, 83.52
2025-01-08 00:03:21, 28.62, 83.52
2025-01-08 00:03:26, 28.62, 83.52
2025-01-08 00:03:31, 28.62, 83.52
2025-01-08 00:03:36, 28.62, 83.52
2025-01-08 00:03:41, 28.62, 83.52
2025-01-08 00:03:46, 28.62, 83.52
2025-01-08 00:03:51, 28.62, 83.52
2025-01-08 00:03:56, 28.62, 83.52
2025-01-08 00:04:01, 28.62, 83.52
2025-01-08 00:04:06, 28.56, 83.41
2025-01-08 00:04:11, 28.62, 83.52
2025-01-08 00:04:17, 28.56, 83.41
2025-01-08 00:04:22, 28.56, 83.41
2025-01-08 00:04:27, 28.62, 83.52
2025-01-08 00:04:32, 28.62, 83.52
2025-01-08 00:04:37, 28.62, 83.52
2025-01-08 00:04:42, 28.62, 83.52
2025-01-08 00:04:47, 28.62, 83.52
2025-01-08 00:04:52, 28.62, 83.52
2025-01-08 00:04:57, 28.62, 83.52
2025-01-08 00:05:02, 28.62, 83.52
2025-01-08 00:05:07, 28.62, 83.52
2025-01-08 00:05:12, 28.62, 83.52
2025-01-08 00:05:17, 28.62, 83.52
2025-01-08 00:05:22, 28.62, 83.52
2025-01-08 00:05:27, 28.56, 83.41
2025-01-08 00:05:32, 28.62, 83.52
2025-01-08 00:05:37, 28.62, 83.52
2025-01-08 00:05:42, 28.62, 83.52
2025-01-08 00:05:47, 28.69, 83.64
2025-01-08 00:05:52, 28.62, 83.52
2025-01-08 00:06:07, 28.62, 83.52
2025-01-08 00:06:12, 28.62, 83.52
2025-01-08 00:06:17, 28.62, 83.52
2025-01-08 00:06:22, 28.62, 83.52
2025-01-08 00:06:27, 28.62, 83.52
2025-01-08 00:06:32, 28.69, 83.64
2025-01-08 00:07:12, 28.69, 83.64
2025-01-08 00:07:17, 28.69, 83.64
2025-01-08 00:07:22, 28.69, 83.64
2025-01-08 00:07:27, 28.69, 83.64
2025-01-08 00:07:32, 28.69, 83.64
2025-01-08 00:07:37, 28.69, 83.64
2025-01-08 00:07:42, 28.69, 83.64
2025-01-08 00:07:47, 28.69, 83.64
2025-01-08 00:07:52, 28.69, 83.64
2025-01-08 00:07:57, 28.69, 83.64
2025-01-08 00:08:02, 28.62, 83.52
2025-01-08 00:08:07, 28.69, 83.64
2025-01-08 00:08:12, 28.69, 83.64
2025-01-08 00:08:17, 28.69, 83.64
2025-01-08 00:08:22, 28.69, 83.64
2025-01-08 00:08:27, 28.69, 83.64
2025-01-08 00:09:04, 28.69, 83.64
2025-01-08 00:09:09, 28.69, 83.64
2025-01-08 00:09:14, 28.69, 83.64
2025-01-08 00:09:19, 28.69, 83.64
2025-01-08 00:09:24, 28.69, 83.64
2025-01-08 00:09:29, 28.75, 83.75
2025-01-08 00:09:34, 28.69, 83.64
2025-01-08 00:09:39, 28.75, 83.75
2025-01-08 00:09:44, 28.75, 83.75
2025-01-08 00:09:49, 28.75, 83.75
2025-01-08 00:09:54, 28.75, 83.75
2025-01-08 00:09:59, 28.69, 83.64
2025-01-08 00:10:04, 28.69, 83.64
2025-01-08 00:10:09, 28.69, 83.64
2025-01-08 00:10:14, 28.75, 83.75
2025-01-08 00:10:19, 28.69, 83.64
2025-01-08 00:10:24, 28.69, 83.64
2025-01-08 00:10:29, 28.75, 83.75
2025-01-08 00:10:34, 28.69, 83.64
2025-01-08 00:10:39, 28.75, 83.75
2025-01-08 00:10:44, 28.69, 83.64
2025-01-08 00:10:49, 28.75, 83.75
2025-01-08 00:10:54, 28.75, 83.75
2025-01-08 00:10:59, 28.75, 83.75
28.75, 83.75
28.75, 83.75
28.75, 83.75
28.69, 83.64
28.69, 83.64
28.69, 83.64
28.75, 83.75
28.69, 83.64
28.69, 83.64
28.75, 83.75
28.75, 83.75
28.75, 83.75
28.75, 83.75
28.75, 83.75
28.75, 83.75
28.75, 83.75
28.69, 83.64
28.69, 83.64
28.75, 83.75
28.75, 83.75
28.75, 83.75
28.69, 83.64
28.75, 83.75
28.75, 83.75
28.75, 83.75
28.75, 83.75
28.75, 83.75
28.75, 83.75
28.69, 83.64
28.69, 83.64
28.69, 83.64
28.69, 83.64
28.75, 83.75
28.69, 83.64
28.75, 83.75
28.75, 83.75
28.75, 83.75
28.75, 83.75
28.75, 83.75
28.69, 83.64
28.75, 83.75
28.75, 83.75
28.69, 83.64
28.69, 83.64
28.75, 83.75
28.75, 83.75
28.75, 83.75
28.75, 83.75
28.69, 83.64
28.75, 83.75
28.75, 83.75
28.69, 83.64
28.75, 83.75
28.75, 83.75
28.75, 83.75
28.75, 83.75
28.75, 83.75
28.75, 83.75
28.75, 83.75
28.75, 83.75
28.69, 83.64
28.69, 83.64
28.69, 83.64
28.69, 83.64
28.75, 83.75
28.75, 83.75
28.75, 83.75
28.69, 83.64
28.75, 83.75
28.75, 83.75
28.75, 83.75
28.75, 83.75
28.75, 83.75
28.75, 83.75
28.75, 83.75
28.75, 83.75
28.75, 83.75
28.75, 83.75
28.75, 83.75
28.75, 83.75
28.75, 83.75
28.75, 83.75
28.81, 83.86
28.69, 83.64
28.75, 83.75
28.75, 83.75
28.75, 83.75
28.75, 83.75
28.75, 83.75
28.75, 83.75
28.75, 83.75
28.75, 83.75
28.75, 83.75
28.75, 83.75
28.75, 83.75
28.69, 83.64
28.75, 83.75
28.75, 83.75
28.69, 83.64
28.75, 83.75
28.69, 83.64
28.75, 83.75
28.75, 83.75
28.75, 83.75
28.75, 83.75
28.75, 83.75
28.75, 83.75
28.69, 83.64
28.75, 83.75
28.69, 83.64
28.75, 83.75
28.75, 83.75
28.75, 83.75
28.75, 83.75
28.69, 83.64
28.69, 83.64
28.75, 83.75
28.75, 83.75
28.69, 83.64
28.75, 83.75
28.69, 83.64
28.75, 83.75
28.75, 83.75
28.75, 83.75
28.81, 83.86
28.75, 83.75
28.75, 83.75
28.75, 83.75
28.75, 83.75
28.75, 83.75
28.75, 83.75
28.81, 83.86
28.81, 83.86
28.75, 83.75
28.81, 83.86
28.75, 83.75
28.81, 83.86
28.81, 83.86
28.81, 83.86
28.75, 83.75
28.81, 83.86
28.81, 83.86
28.81, 83.86
28.75, 83.75
28.75, 83.75
28.75, 83.75
28.75, 83.75
28.75, 83.75
28.75, 83.75
28.75, 83.75
28.81, 83.86
28.75, 83.75
28.81, 83.86
28.81, 83.86
28.81, 83.86
28.81, 83.86
28.75, 83.75
28.81, 83.86
28.75, 83.75
28.75, 83.75
28.81, 83.86
28.81, 83.86
28.75, 83.75
28.75, 83.75
28.75, 83.75
28.81, 83.86
28.81, 83.86
28.81, 83.86
28.81, 83.86
28.81, 83.86
28.75, 83.75
28.75, 83.75
28.75, 83.75
28.81, 83.86
28.81, 83.86
28.81, 83.86
28.81, 83.86
28.81, 83.86
28.81, 83.86
28.81, 83.86
28.81, 83.86
28.81, 83.86
28.81, 83.86
28.81, 83.86
28.81, 83.86
28.81, 83.86
28.81, 83.86
28.81, 83.86
28.75, 83.75
28.75, 83.75
28.75, 83.75
28.81, 83.86
28.75, 83.75
28.75, 83.75
28.75, 83.75
28.81, 83.86
28.75, 83.75
28.81, 83.86
28.81, 83.86
28.75, 83.75
28.75, 83.75
28.81, 83.86
28.81, 83.86
28.81, 83.86
28.81, 83.86
28.75, 83.75
28.75, 83.75
28.81, 83.86
28.81, 83.86
28.75, 83.75
28.81, 83.86
28.81, 83.86
28.75, 83.75
28.75, 83.75
28.75, 83.75
28.75, 83.75
28.75, 83.75
28.75, 83.75
28.75, 83.75
28.81, 83.86
28.75, 83.75
28.75, 83.75
28.75, 83.75
28.75, 83.75
28.81, 83.86
28.81, 83.86
28.81, 83.86
28.81, 83.86
28.75, 83.75
28.75, 83.75
28.81, 83.86
28.81, 83.86
28.81, 83.86
28.81, 83.86
28.75, 83.75
28.81, 83.86
28.81, 83.86
28.81, 83.86
28.81, 83.86
28.81, 83.86
28.81, 83.86
28.75, 83.75
28.75, 83.75
28.75, 83.75
28.75, 83.75
28.75, 83.75
28.75, 83.75
28.75, 83.75
28.75, 83.75
28.75, 83.75
28.75, 83.75
28.75, 83.75
28.75, 83.75
28.75, 83.75
28.75, 83.75
28.75, 83.75
28.81, 83.86
28.75, 83.75
28.75, 83.75
28.81, 83.86
28.81, 83.86
28.75, 83.75
28.75, 83.75
28.75, 83.75
28.81, 83.86
28.81, 83.86
28.81, 83.86
28.75, 83.75
28.75, 83.75
28.75, 83.75
28.75, 83.75
28.75, 83.75
28.75, 83.75
28.75, 83.75
28.75, 83.75
28.75, 83.75
28.75, 83.75
28.75, 83.75
28.75, 83.75
28.75, 83.75
28.75, 83.75
28.75, 83.75
28.75, 83.75
28.75, 83.75
28.75, 83.75
28.75, 83.75
28.81, 83.86
28.75, 83.75
28.75, 83.75
28.75, 83.75
28.81, 83.86
28.75, 83.75
28.75, 83.75
28.75, 83.75
28.75, 83.75
28.75, 83.75
28.75, 83.75
28.75, 83.75
28.75, 83.75
28.75, 83.75
28.75, 83.75
28.75, 83.75
28.75, 83.75
28.75, 83.75
28.75, 83.75
28.75, 83.75
28.81, 83.86
28.81, 83.86
28.75, 83.75
28.75, 83.75
28.69, 83.64
28.75, 83.75
28.75, 83.75
28.75, 83.75
28.75, 83.75
28.75, 83.75
28.75, 83.75
28.81, 83.86
28.81, 83.86
28.75, 83.75
28.75, 83.75
28.81, 83.86
28.75, 83.75
28.75, 83.75
28.75, 83.75
28.75, 83.75
28.75, 83.75
28.75, 83.75
28.75, 83.75
28.75, 83.75
28.81, 83.86
28.81, 83.86
28.81, 83.86
28.75, 83.75
28.81, 83.86
28.81, 83.86
28.75, 83.75
28.75, 83.75
28.75, 83.75
28.75, 83.75
28.75, 83.75
28.75, 83.75
28.81, 83.86
28.81, 83.86
28.81, 83.86
28.81, 83.86
28.75, 83.75
28.75, 83.75
28.75, 83.75
28.75, 83.75
28.75, 83.75
28.75, 83.75
28.75, 83.75
28.75, 83.75
28.75, 83.75
28.75, 83.75
28.75, 83.75
28.75, 83.75
28.75, 83.75
28.75, 83.75
28.81, 83.86
28.81, 83.86
28.75, 83.75
28.81, 83.86
28.81, 83.86
28.81, 83.86
28.81, 83.86
28.81, 83.86
28.81, 83.86
28.81, 83.86
28.81, 83.86
28.81, 83.86
28.75, 83.75
28.31, 82.96
28.31, 82.96
28.31, 82.96
28.31, 82.96
28.37, 83.07
28.31, 82.96
28.31, 82.96
28.31, 82.96
28.31, 82.96
28.31, 82.96
28.31, 82.96
28.31, 82.96
28.31, 82.96
28.31, 82.96
28.31, 82.96
28.37, 83.07
28.31, 82.96
28.37, 83.07
28.31, 82.96
28.31, 82.96
28.31, 82.96
28.31, 82.96
28.37, 83.07
28.37, 83.07
28.31, 82.96
28.37, 83.07
28.37, 83.07
28.37, 83.07
28.37, 83.07
28.37, 83.07
28.37, 83.07
28.31, 82.96
28.31, 82.96
28.37, 83.07
28.37, 83.07
28.37, 83.07
28.37, 83.07
28.31, 82.96
28.37, 83.07
28.31, 82.96
28.37, 83.07
28.37, 83.07
28.37, 83.07
28.31, 82.96
28.31, 82.96
28.37, 83.07
28.31, 82.96
28.37, 83.07
28.31, 82.96
28.31, 82.96
28.31, 82.96
28.31, 82.96
28.31, 82.96
28.31, 82.96
28.31, 82.96
28.31, 82.96
28.31, 82.96
28.31, 82.96
28.31, 82.96
28.31, 82.96
28.31, 82.96
28.31, 82.96
28.31, 82.96
28.25, 82.85
28.25, 82.85
28.31, 82.96
28.31, 82.96
28.25, 82.85
28.31, 82.96
28.31, 82.96
28.31, 82.96
28.31, 82.96
28.31, 82.96
28.31, 82.96
28.31, 82.96
28.31, 82.96
28.31, 82.96
28.31, 82.96
28.31, 82.96
28.31, 82.96
28.31, 82.96
28.31, 82.96
28.31, 82.96
28.31, 82.96
28.31, 82.96
28.31, 82.96
28.31, 82.96
28.31, 82.96
28.31, 82.96
28.31, 82.96
28.25, 82.85
28.31, 82.96
28.31, 82.96
28.31, 82.96
28.25, 82.85
28.31, 82.96
28.31, 82.96
28.25, 82.85
28.31, 82.96
28.31, 82.96
28.31, 82.96
28.31, 82.96
28.31, 82.96
28.25, 82.85
28.31, 82.96
28.25, 82.85
28.31, 82.96
28.25, 82.85
28.25, 82.85
28.25, 82.85
28.31, 82.96
28.25, 82.85
28.31, 82.96
28.25, 82.85
28.25, 82.85
28.25, 82.85
28.25, 82.85
28.25, 82.85
28.25, 82.85
28.25, 82.85
28.25, 82.85
28.25, 82.85
28.31, 82.96
28.25, 82.85
28.31, 82.96
28.25, 82.85
28.31, 82.96
28.25, 82.85
28.25, 82.85
28.25, 82.85
28.31, 82.96
28.25, 82.85
28.25, 82.85
28.25, 82.85
28.25, 82.85
28.25, 82.85
28.25, 82.85
28.25, 82.85
28.25, 82.85
28.25, 82.85
28.25, 82.85
28.25, 82.85
28.31, 82.96
28.31, 82.96
28.25, 82.85
28.25, 82.85
28.25, 82.85
28.25, 82.85
28.25, 82.85
28.25, 82.85
28.25, 82.85
28.25, 82.85
28.25, 82.85
28.25, 82.85
28.25, 82.85
28.25, 82.85
28.25, 82.85
28.25, 82.85
28.25, 82.85
28.25, 82.85
28.31, 82.96
28.25, 82.85
28.25, 82.85
28.25, 82.85
28.25, 82.85
28.25, 82.85
28.25, 82.85
28.25, 82.85
28.25, 82.85
28.25, 82.85
28.25, 82.85
28.25, 82.85
28.25, 82.85
28.25, 82.85
28.25, 82.85
28.25, 82.85
28.25, 82.85
28.25, 82.85
28.25, 82.85
28.25, 82.85
28.25, 82.85
28.25, 82.85
28.25, 82.85
28.25, 82.85
28.25, 82.85
28.25, 82.85
28.25, 82.85
28.25, 82.85
28.25, 82.85
28.25, 82.85
28.25, 82.85
28.25, 82.85
28.25, 82.85
28.25, 82.85
28.25, 82.85
28.25, 82.85
28.25, 82.85
28.25, 82.85
28.19, 82.74
28.25, 82.85
28.25, 82.85
28.25, 82.85
28.25, 82.85
28.25, 82.85
28.25, 82.85
28.25, 82.85
28.25, 82.85
28.25, 82.85
28.25, 82.85
28.25, 82.85
28.25, 82.85
28.25, 82.85
28.19, 82.74
28.25, 82.85
28.19, 82.74
28.25, 82.85
28.19, 82.74
28.19, 82.74
28.25, 82.85
28.25, 82.85
28.19, 82.74
28.19, 82.74
28.25, 82.85
28.19, 82.74
28.19, 82.74
28.25, 82.85
28.19, 82.74
28.25, 82.85
28.25, 82.85
28.25, 82.85
28.25, 82.85
28.25, 82.85
28.25, 82.85
28.25, 82.85
28.25, 82.85
28.25, 82.85
28.25, 82.85
28.19, 82.74
28.19, 82.74
28.25, 82.85
28.19, 82.74
28.19, 82.74
28.19, 82.74
28.19, 82.74
28.25, 82.85
28.25, 82.85
28.25, 82.85
28.25, 82.85
28.25, 82.85
28.25, 82.85
28.25, 82.85
28.19, 82.74
28.25, 82.85
28.25, 82.85
28.25, 82.85
28.25, 82.85
28.25, 82.85
28.25, 82.85
28.25, 82.85
28.25, 82.85
28.19, 82.74
28.25, 82.85
28.25, 82.85
28.25, 82.85
28.25, 82.85
28.25, 82.85
28.25, 82.85
28.19, 82.74
28.25, 82.85
28.25, 82.85
28.19, 82.74
28.25, 82.85
28.25, 82.85
28.25, 82.85
28.19, 82.74
28.19, 82.74
28.25, 82.85
28.25, 82.85
28.25, 82.85
28.25, 82.85
28.25, 82.85
28.19, 82.74
28.25, 82.85
28.25, 82.85
28.25, 82.85
28.25, 82.85
28.25, 82.85
28.25, 82.85
28.25, 82.85
28.19, 82.74
28.19, 82.74
28.25, 82.85
28.25, 82.85
28.19, 82.74
28.19, 82.74
28.19, 82.74
28.19, 82.74
28.19, 82.74
28.19, 82.74
28.19, 82.74
28.19, 82.74
28.19, 82.74
28.19, 82.74
28.06, 82.51
28.06, 82.51
28.12, 82.62
28.12, 82.62
28.12, 82.62
28.12, 82.62
28.12, 82.62
28.12, 82.62
28.12, 82.62
28.12, 82.62
28.12, 82.62
28.12, 82.62
28.12, 82.62
28.12, 82.62
28.12, 82.62
